vesselCount = 0
UT = 6811786.5291959317
gameMode = CAREER
gameNull = False
kspVersion = 1.12.5
funds = 8032.9073429016598
science = 8
reputationPercent = 22
ongoingContracts = 0
missionCurrentScore = 234.566681
missionIsStarted = False
missionIsEnded = False
missionHistoryId = 00000000-0000-0000-0000-000000000000
missionExpansionVersion = 
saveMD5 = 
lastWriteTime = 638430226660000000
