vesselCount = 0
UT = 165130282.52871439
gameMode = CAREER
gameNull = False
kspVersion = 1.12.5
funds = 2242.5448923281438
science = 0
reputationPercent = 606
ongoingContracts = 0
missionCurrentScore = 3181.44189
missionIsStarted = False
missionIsEnded = False
missionHistoryId = 00000000-0000-0000-0000-000000000000
missionExpansionVersion = 
saveMD5 = 
lastWriteTime = 638441459690000000
