vesselCount = 0
UT = 168431866.31090844
gameMode = CAREER
gameNull = False
kspVersion = 1.12.5
funds = 100.07169885920055
science = 0
reputationPercent = 633
ongoingContracts = 0
missionCurrentScore = 3361.44189
missionIsStarted = False
missionIsEnded = False
missionHistoryId = 00000000-0000-0000-0000-000000000000
missionExpansionVersion = 
saveMD5 = 
lastWriteTime = 638442792170000000
