vesselCount = 0
UT = 168431929.35094225
gameMode = CAREER
gameNull = False
kspVersion = 1.12.5
funds = 100.22898958099313
science = 0
reputationPercent = 693
ongoingContracts = 0
missionCurrentScore = 2661.44189
missionIsStarted = False
missionIsEnded = False
missionHistoryId = 00000000-0000-0000-0000-000000000000
missionExpansionVersion = 
saveMD5 = 
lastWriteTime = 638443576360000000
