vesselCount = 0
UT = 168431933.5309445
gameMode = CAREER
gameNull = False
kspVersion = 1.12.5
funds = 100.24031683372799
science = 0
reputationPercent = 693
ongoingContracts = 0
missionCurrentScore = 1461.44189
missionIsStarted = False
missionIsEnded = False
missionHistoryId = 00000000-0000-0000-0000-000000000000
missionExpansionVersion = 
saveMD5 = 
lastWriteTime = 638443577060000000
