vesselCount = 0
UT = 169331993.38144663
gameMode = CAREER
gameNull = False
kspVersion = 1.12.5
funds = 2777.8154972540729
science = 0
reputationPercent = 690
ongoingContracts = 0
missionCurrentScore = 1461.44189
missionIsStarted = False
missionIsEnded = False
missionHistoryId = 00000000-0000-0000-0000-000000000000
missionExpansionVersion = 
saveMD5 = 
lastWriteTime = 638444893730000000
