vesselCount = 0
UT = 176291607.30595335
gameMode = CAREER
gameNull = False
kspVersion = 1.12.5
funds = 10651.749126007471
science = 2
reputationPercent = 716
ongoingContracts = 0
missionCurrentScore = 1648.18127
missionIsStarted = False
missionIsEnded = False
missionHistoryId = 00000000-0000-0000-0000-000000000000
missionExpansionVersion = 
saveMD5 = 
lastWriteTime = 638449699800000000
