vesselCount = 0
UT = 180906332.62878397
gameMode = CAREER
gameNull = False
kspVersion = 1.12.5
funds = 301.30369993295164
science = 2
reputationPercent = 823
ongoingContracts = 0
missionCurrentScore = 1917.13293
missionIsStarted = False
missionIsEnded = False
missionHistoryId = 00000000-0000-0000-0000-000000000000
missionExpansionVersion = 
saveMD5 = 
lastWriteTime = 638452063170000000
