vesselCount = 0
UT = 183628921.24028766
gameMode = CAREER
gameNull = False
kspVersion = 1.12.5
funds = 3206.4369380795106
science = 2
reputationPercent = 811
ongoingContracts = 1
missionCurrentScore = 1917.13293
missionIsStarted = False
missionIsEnded = False
missionHistoryId = 00000000-0000-0000-0000-000000000000
missionExpansionVersion = 
saveMD5 = 
lastWriteTime = 638452240630000000
