vesselCount = 0
UT = 184077250.64130268
gameMode = CAREER
gameNull = False
kspVersion = 1.12.5
funds = 4474.4743954715877
science = 7
reputationPercent = 858
ongoingContracts = 0
missionCurrentScore = 1934.51465
missionIsStarted = False
missionIsEnded = False
missionHistoryId = 00000000-0000-0000-0000-000000000000
missionExpansionVersion = 
saveMD5 = 
lastWriteTime = 638452261030000000
