vesselCount = 0
UT = 186069837.26347008
gameMode = CAREER
gameNull = False
kspVersion = 1.12.5
funds = 3085.6325753041365
science = 7
reputationPercent = 849
ongoingContracts = 1
missionCurrentScore = 1934.51465
missionIsStarted = False
missionIsEnded = False
missionHistoryId = 00000000-0000-0000-0000-000000000000
missionExpansionVersion = 
saveMD5 = 
lastWriteTime = 638453125310000000
