vesselCount = 1
UT = 188139510.95990622
gameMode = CAREER
gameNull = False
kspVersion = 1.12.5
funds = 5939.8768421350615
science = 7
reputationPercent = 983
ongoingContracts = 1
missionCurrentScore = 2164.75391
missionIsStarted = False
missionIsEnded = False
missionHistoryId = 00000000-0000-0000-0000-000000000000
missionExpansionVersion = 
saveMD5 = 
lastWriteTime = 638453626280000000
