vesselCount = 1
UT = 190955375.39770618
gameMode = CAREER
gameNull = False
kspVersion = 1.12.5
funds = 6895.5642603294737
science = 11
reputationPercent = 1008
ongoingContracts = 1
missionCurrentScore = 2328.38013
missionIsStarted = False
missionIsEnded = False
missionHistoryId = 00000000-0000-0000-0000-000000000000
missionExpansionVersion = 
saveMD5 = 
lastWriteTime = 638457138750000000
