vesselCount = 1
UT = 191214926.11791077
gameMode = CAREER
gameNull = False
kspVersion = 1.12.5
funds = 193.26206770997032
science = 11
reputationPercent = 1006
ongoingContracts = 1
missionCurrentScore = 2328.38013
missionIsStarted = False
missionIsEnded = False
missionHistoryId = 00000000-0000-0000-0000-000000000000
missionExpansionVersion = 
saveMD5 = 
lastWriteTime = 638457164990000000
