vesselCount = 1
UT = 191773607.4237245
gameMode = CAREER
gameNull = False
kspVersion = 1.12.5
funds = 1695.0486407220815
science = 11
reputationPercent = 1031
ongoingContracts = 0
missionCurrentScore = 2328.38013
missionIsStarted = False
missionIsEnded = False
missionHistoryId = 00000000-0000-0000-0000-000000000000
missionExpansionVersion = 
saveMD5 = 
lastWriteTime = 638457198030000000
