vesselCount = 1
UT = 192931135.96985471
gameMode = CAREER
gameNull = False
kspVersion = 1.12.5
funds = 424.72882243607432
science = 11
reputationPercent = 1060
ongoingContracts = 0
missionCurrentScore = 2453.38013
missionIsStarted = False
missionIsEnded = False
missionHistoryId = 00000000-0000-0000-0000-000000000000
missionExpansionVersion = 
saveMD5 = 
lastWriteTime = 638457313110000000
