vesselCount = 1
UT = 204647643.06185603
gameMode = CAREER
gameNull = False
kspVersion = 1.12.5
funds = 8721.1139741521765
science = 8
reputationPercent = 1090
ongoingContracts = 0
missionCurrentScore = 2623.50708
missionIsStarted = False
missionIsEnded = False
missionHistoryId = 00000000-0000-0000-0000-000000000000
missionExpansionVersion = 
saveMD5 = 
lastWriteTime = 638458330090000000
