vesselCount = 1
UT = 205850374.04539797
gameMode = CAREER
gameNull = False
kspVersion = 1.12.5
funds = 2796.5913411191164
science = 8
reputationPercent = 1083
ongoingContracts = 0
missionCurrentScore = 2623.50708
missionIsStarted = False
missionIsEnded = False
missionHistoryId = 00000000-0000-0000-0000-000000000000
missionExpansionVersion = 
saveMD5 = 
lastWriteTime = 638459126720000000
