vesselCount = 1
UT = 208531171.34364694
gameMode = CAREER
gameNull = False
kspVersion = 1.12.5
funds = 4577.9778321706908
science = 17
reputationPercent = 1139
ongoingContracts = 0
missionCurrentScore = 2834.93799
missionIsStarted = False
missionIsEnded = False
missionHistoryId = 00000000-0000-0000-0000-000000000000
missionExpansionVersion = 
saveMD5 = 
lastWriteTime = 638459179990000000
