vesselCount = 1
UT = 208531491.94381893
gameMode = CAREER
gameNull = False
kspVersion = 1.12.5
funds = 3029.0591216504426
science = 17
reputationPercent = 1139
ongoingContracts = 0
missionCurrentScore = 2834.93799
missionIsStarted = False
missionIsEnded = False
missionHistoryId = 00000000-0000-0000-0000-000000000000
missionExpansionVersion = 
saveMD5 = 
lastWriteTime = 638460057750000000
