vesselCount = 1
UT = 220339747.89622802
gameMode = CAREER
gameNull = False
kspVersion = 1.12.5
funds = 14241.71099588353
science = 7
reputationPercent = 1072
ongoingContracts = 0
missionCurrentScore = 2834.93799
missionIsStarted = False
missionIsEnded = False
missionHistoryId = 00000000-0000-0000-0000-000000000000
missionExpansionVersion = 
saveMD5 = 
lastWriteTime = 638460627260000000
