vesselCount = 1
UT = 220342081.06754842
gameMode = CAREER
gameNull = False
kspVersion = 1.12.5
funds = 14249.768857615403
science = 7
reputationPercent = 1161
ongoingContracts = 0
missionCurrentScore = 3209.93799
missionIsStarted = False
missionIsEnded = False
missionHistoryId = 00000000-0000-0000-0000-000000000000
missionExpansionVersion = 
saveMD5 = 
lastWriteTime = 638460633900000000
