vesselCount = 1
UT = 221866795.33176634
gameMode = CAREER
gameNull = False
kspVersion = 1.12.5
funds = 4547.3116275194425
science = 10
reputationPercent = 1209
ongoingContracts = 0
missionCurrentScore = 3428.88867
missionIsStarted = False
missionIsEnded = False
missionHistoryId = 00000000-0000-0000-0000-000000000000
missionExpansionVersion = 
saveMD5 = 
lastWriteTime = 638460814860000000
