vesselCount = 1
UT = 223778846.52492362
gameMode = CAREER
gameNull = False
kspVersion = 1.12.5
funds = 7843.4245445738279
science = 4
reputationPercent = 1197
ongoingContracts = 0
missionCurrentScore = 3445.0249
missionIsStarted = False
missionIsEnded = False
missionHistoryId = 00000000-0000-0000-0000-000000000000
missionExpansionVersion = 
saveMD5 = 
lastWriteTime = 638463097470000000
