vesselCount = 1
UT = 227277846.57844856
gameMode = CAREER
gameNull = False
kspVersion = 1.12.5
funds = 14724.029114484545
science = 4
reputationPercent = 1254
ongoingContracts = 0
missionCurrentScore = 3820.0249
missionIsStarted = False
missionIsEnded = False
missionHistoryId = 00000000-0000-0000-0000-000000000000
missionExpansionVersion = 
saveMD5 = 
lastWriteTime = 638463116810000000
