vesselCount = 1
UT = 227745649.04934731
gameMode = CAREER
gameNull = False
kspVersion = 1.12.5
funds = 12767.872875179906
science = 4
reputationPercent = 1278
ongoingContracts = 1
missionCurrentScore = 3945.0249
missionIsStarted = False
missionIsEnded = False
missionHistoryId = 00000000-0000-0000-0000-000000000000
missionExpansionVersion = 
saveMD5 = 
lastWriteTime = 638465673750000000
