vesselCount = 1
UT = 231020104.40967312
gameMode = CAREER
gameNull = False
kspVersion = 1.12.5
funds = 16883.644812379196
science = 4
reputationPercent = 1256
ongoingContracts = 1
missionCurrentScore = 3945.0249
missionIsStarted = False
missionIsEnded = False
missionHistoryId = 00000000-0000-0000-0000-000000000000
missionExpansionVersion = 
saveMD5 = 
lastWriteTime = 638467831930000000
