vesselCount = 2
UT = 251476357.04144779
gameMode = CAREER
gameNull = False
kspVersion = 1.12.5
funds = 4013.3920077044354
science = 3
reputationPercent = 1212
ongoingContracts = 0
missionCurrentScore = 4041.27954
missionIsStarted = False
missionIsEnded = False
missionHistoryId = 00000000-0000-0000-0000-000000000000
missionExpansionVersion = 
saveMD5 = 
lastWriteTime = 638470926990000000
