vesselCount = 2
UT = 253584511.1663495
gameMode = CAREER
gameNull = False
kspVersion = 1.12.5
funds = 7183.5565482222937
science = 7
reputationPercent = 1247
ongoingContracts = 0
missionCurrentScore = 4206.69922
missionIsStarted = False
missionIsEnded = False
missionHistoryId = 00000000-0000-0000-0000-000000000000
missionExpansionVersion = 
saveMD5 = 
lastWriteTime = 638470940090000000
