vesselCount = 2
UT = 255969850.85327989
gameMode = CAREER
gameNull = False
kspVersion = 1.12.5
funds = 9430.3845232820058
science = 12
reputationPercent = 1267
ongoingContracts = 0
missionCurrentScore = 4225.20801
missionIsStarted = False
missionIsEnded = False
missionHistoryId = 00000000-0000-0000-0000-000000000000
missionExpansionVersion = 
saveMD5 = 
lastWriteTime = 638470971550000000
