vesselCount = 2
UT = 260374838.03844035
gameMode = CAREER
gameNull = False
kspVersion = 1.12.5
funds = 16506.358429480286
science = 12
reputationPercent = 1238
ongoingContracts = 1
missionCurrentScore = 4225.20801
missionIsStarted = False
missionIsEnded = False
missionHistoryId = 00000000-0000-0000-0000-000000000000
missionExpansionVersion = 
saveMD5 = 
lastWriteTime = 638470987120000000
