vesselCount = 2
UT = 260376132.43663666
gameMode = CAREER
gameNull = False
kspVersion = 1.12.5
funds = 16508.47169954484
science = 16
reputationPercent = 1287
ongoingContracts = 0
missionCurrentScore = 4243.17676
missionIsStarted = False
missionIsEnded = False
missionHistoryId = 00000000-0000-0000-0000-000000000000
missionExpansionVersion = 
saveMD5 = 
lastWriteTime = 638471002460000000
