vesselCount = 2
UT = 262269145.19562379
gameMode = CAREER
gameNull = False
kspVersion = 1.12.5
funds = 17529.394372580799
science = 16
reputationPercent = 1274
ongoingContracts = 0
missionCurrentScore = 4243.17676
missionIsStarted = False
missionIsEnded = False
missionHistoryId = 00000000-0000-0000-0000-000000000000
missionExpansionVersion = 
saveMD5 = 
lastWriteTime = 638471062450000000
