vesselCount = 3
UT = 262371257.03560537
gameMode = CAREER
gameNull = False
kspVersion = 1.12.5
funds = 17713.410420394295
science = 17
reputationPercent = 1378
ongoingContracts = 0
missionCurrentScore = 4244.45801
missionIsStarted = False
missionIsEnded = False
missionHistoryId = 00000000-0000-0000-0000-000000000000
missionExpansionVersion = 
saveMD5 = 
lastWriteTime = 638471089250000000
