vesselCount = 3
UT = 269697422.47447729
gameMode = CAREER
gameNull = False
kspVersion = 1.12.5
funds = 13508.848903700817
science = 10
reputationPercent = 1377
ongoingContracts = 0
missionCurrentScore = 4432.98145
missionIsStarted = False
missionIsEnded = False
missionHistoryId = 00000000-0000-0000-0000-000000000000
missionExpansionVersion = 
saveMD5 = 
lastWriteTime = 638471732460000000
