vesselCount = 3
UT = 272038507.12880665
gameMode = CAREER
gameNull = False
kspVersion = 1.12.5
funds = 7678.004248139644
science = 15
reputationPercent = 1412
ongoingContracts = 0
missionCurrentScore = 4599.56055
missionIsStarted = False
missionIsEnded = False
missionHistoryId = 00000000-0000-0000-0000-000000000000
missionExpansionVersion = 
saveMD5 = 
lastWriteTime = 638472101920000000
