vesselCount = 3
UT = 279072196.02532989
gameMode = CAREER
gameNull = False
kspVersion = 1.12.5
funds = 13801.144506782017
science = 60
reputationPercent = 1446
ongoingContracts = 0
missionCurrentScore = 4757.62256
missionIsStarted = False
missionIsEnded = False
missionHistoryId = 00000000-0000-0000-0000-000000000000
missionExpansionVersion = 
saveMD5 = 
lastWriteTime = 638473758640000000
