vesselCount = 3
UT = 279072356.40517694
gameMode = CAREER
gameNull = False
kspVersion = 1.12.5
funds = 13800.254823138899
science = 3
reputationPercent = 1494
ongoingContracts = 0
missionCurrentScore = 2757.62256
missionIsStarted = False
missionIsEnded = False
missionHistoryId = 00000000-0000-0000-0000-000000000000
missionExpansionVersion = 
saveMD5 = 
lastWriteTime = 638473869410000000
