vesselCount = 3
UT = 287536775.55565643
gameMode = CAREER
gameNull = False
kspVersion = 1.12.5
funds = 19879.361276652715
science = 12
reputationPercent = 1507
ongoingContracts = 1
missionCurrentScore = 2559.28857
missionIsStarted = False
missionIsEnded = False
missionHistoryId = 00000000-0000-0000-0000-000000000000
missionExpansionVersion = 
saveMD5 = 
lastWriteTime = 638477015090000000
