vesselCount = 3
UT = 290207534.94225615
gameMode = CAREER
gameNull = False
kspVersion = 1.12.5
funds = 30667.527682363023
science = 12
reputationPercent = 1534
ongoingContracts = 2
missionCurrentScore = 2559.28857
missionIsStarted = False
missionIsEnded = False
missionHistoryId = 00000000-0000-0000-0000-000000000000
missionExpansionVersion = 
saveMD5 = 
lastWriteTime = 638477683310000000
