vesselCount = 0
UT = 292107092.28625411
gameMode = CAREER
gameNull = False
kspVersion = 1.12.5
funds = 34716.41214997715
science = 2
reputationPercent = 1519
ongoingContracts = 1
missionCurrentScore = 2577.89258
missionIsStarted = False
missionIsEnded = False
missionHistoryId = 00000000-0000-0000-0000-000000000000
missionExpansionVersion = 
saveMD5 = 
lastWriteTime = 638481642930000000
