vesselCount = 2
UT = 293951700.08403581
gameMode = CAREER
gameNull = False
kspVersion = 1.12.5
funds = 35697.709716712627
science = 2
reputationPercent = 1518
ongoingContracts = 0
missionCurrentScore = 2642.89258
missionIsStarted = False
missionIsEnded = False
missionHistoryId = 00000000-0000-0000-0000-000000000000
missionExpansionVersion = 
saveMD5 = 
lastWriteTime = 638481659260000000
