vesselCount = 4
UT = 300435102.02464741
gameMode = CAREER
gameNull = False
kspVersion = 1.12.5
funds = 31362.73696344471
science = 2
reputationPercent = 1640
ongoingContracts = 4
missionCurrentScore = 2642.89258
missionIsStarted = False
missionIsEnded = False
missionHistoryId = 00000000-0000-0000-0000-000000000000
missionExpansionVersion = 
saveMD5 = 
lastWriteTime = 638482516660000000
