vesselCount = 1
UT = 305009752.31206572
gameMode = CAREER
gameNull = False
kspVersion = 1.12.5
funds = 59220.194293043547
science = 12
reputationPercent = 1665
ongoingContracts = 4
missionCurrentScore = 2717.9292
missionIsStarted = False
missionIsEnded = False
missionHistoryId = 00000000-0000-0000-0000-000000000000
missionExpansionVersion = 
saveMD5 = 
lastWriteTime = 638488629670000000
