vesselCount = 1
UT = 307811306.35041654
gameMode = CAREER
gameNull = False
kspVersion = 1.12.5
funds = 66230.176877690334
science = 11
reputationPercent = 2077
ongoingContracts = 4
missionCurrentScore = 2739.98657
missionIsStarted = False
missionIsEnded = False
missionHistoryId = 00000000-0000-0000-0000-000000000000
missionExpansionVersion = 
saveMD5 = 
lastWriteTime = 638488655380000000
