vesselCount = 4
UT = 312277259.81754827
gameMode = CAREER
gameNull = False
kspVersion = 1.12.5
funds = 79938.732239122211
science = 18
reputationPercent = 2029
ongoingContracts = 5
missionCurrentScore = 2759.95313
missionIsStarted = False
missionIsEnded = False
missionHistoryId = 00000000-0000-0000-0000-000000000000
missionExpansionVersion = 
saveMD5 = 
lastWriteTime = 638489238250000000
