vesselCount = 8
UT = 320099269.87837136
gameMode = CAREER
gameNull = False
kspVersion = 1.12.5
funds = 108196.09636235227
science = 32
reputationPercent = 1950
ongoingContracts = 5
missionCurrentScore = 2801.95483
missionIsStarted = False
missionIsEnded = False
missionHistoryId = 00000000-0000-0000-0000-000000000000
missionExpansionVersion = 
saveMD5 = 
lastWriteTime = 638489494560000000
