vesselCount = 5
UT = 328196114.67102057
gameMode = CAREER
gameNull = False
kspVersion = 1.12.5
funds = 12996.230022875518
science = 39
reputationPercent = 2297
ongoingContracts = 4
missionCurrentScore = 2959.13623
missionIsStarted = False
missionIsEnded = False
missionHistoryId = 00000000-0000-0000-0000-000000000000
missionExpansionVersion = 
saveMD5 = 
lastWriteTime = 638491224000000000
