vesselCount = 3
UT = 331106881.20945156
gameMode = CAREER
gameNull = False
kspVersion = 1.12.5
funds = 13520.81097322337
science = 60
reputationPercent = 2302
ongoingContracts = 3
missionCurrentScore = 3023.37231
missionIsStarted = False
missionIsEnded = False
missionHistoryId = 00000000-0000-0000-0000-000000000000
missionExpansionVersion = 
saveMD5 = 
lastWriteTime = 638491533380000000
