vesselCount = 3
UT = 332833253.10855496
gameMode = CAREER
gameNull = False
kspVersion = 1.12.5
funds = 13822.480636817148
science = 65
reputationPercent = 2457
ongoingContracts = 3
missionCurrentScore = 3127.60718
missionIsStarted = False
missionIsEnded = False
missionHistoryId = 00000000-0000-0000-0000-000000000000
missionExpansionVersion = 
saveMD5 = 
lastWriteTime = 638491582980000000
