vesselCount = 3
UT = 339313918.25636327
gameMode = CAREER
gameNull = False
kspVersion = 1.12.5
funds = 10811.608418339873
science = 31
reputationPercent = 2538
ongoingContracts = 4
missionCurrentScore = 4042.68823
missionIsStarted = False
missionIsEnded = False
missionHistoryId = 00000000-0000-0000-0000-000000000000
missionExpansionVersion = 
saveMD5 = 
lastWriteTime = 638493816110000000
