vesselCount = 5
UT = 343749540.35942078
gameMode = CAREER
gameNull = False
kspVersion = 1.12.5
funds = 20824.3665634184
science = 50
reputationPercent = 2686
ongoingContracts = 1
missionCurrentScore = 4099.08105
missionIsStarted = False
missionIsEnded = False
missionHistoryId = 00000000-0000-0000-0000-000000000000
missionExpansionVersion = 
saveMD5 = 
lastWriteTime = 638494696750000000
