vesselCount = 5
UT = 344094836.04393137
gameMode = CAREER
gameNull = False
kspVersion = 1.12.5
funds = 9578.0531518112184
science = 76
reputationPercent = 2761
ongoingContracts = 3
missionCurrentScore = 4577.76953
missionIsStarted = False
missionIsEnded = False
missionHistoryId = 00000000-0000-0000-0000-000000000000
missionExpansionVersion = 
saveMD5 = 
lastWriteTime = 638495863980000000
