vesselCount = 8
UT = 354495965.00257438
gameMode = CAREER
gameNull = False
kspVersion = 1.12.5
funds = 3691.5973155434508
science = 62
reputationPercent = 2998
ongoingContracts = 2
missionCurrentScore = 6686.80615
missionIsStarted = False
missionIsEnded = False
missionHistoryId = 00000000-0000-0000-0000-000000000000
missionExpansionVersion = 
saveMD5 = 
lastWriteTime = 638497142640000000
