vesselCount = 10
UT = 362335606.01565528
gameMode = CAREER
gameNull = False
kspVersion = 1.12.5
funds = 27616.461723524986
science = 57
reputationPercent = 3373
ongoingContracts = 1
missionCurrentScore = 7297.83447
missionIsStarted = False
missionIsEnded = False
missionHistoryId = 00000000-0000-0000-0000-000000000000
missionExpansionVersion = 
saveMD5 = 
lastWriteTime = 638500381420000000
