vesselCount = 9
UT = 359012292.26118183
gameMode = CAREER
gameNull = False
kspVersion = 1.12.5
funds = 22315.874849334963
science = 127
reputationPercent = 3084
ongoingContracts = 1
missionCurrentScore = 7667.81738
missionIsStarted = False
missionIsEnded = False
missionHistoryId = 00000000-0000-0000-0000-000000000000
missionExpansionVersion = 
saveMD5 = 
lastWriteTime = 638501189600000000
