vesselCount = 10
UT = 367384869.77922136
gameMode = CAREER
gameNull = False
kspVersion = 1.12.5
funds = 61443.042795611917
science = 101
reputationPercent = 3057
ongoingContracts = 1
missionCurrentScore = 5558.35547
missionIsStarted = False
missionIsEnded = False
missionHistoryId = 00000000-0000-0000-0000-000000000000
missionExpansionVersion = 
saveMD5 = 
lastWriteTime = 638501956400000000
