vesselCount = 11
UT = 368153085.59335333
gameMode = CAREER
gameNull = False
kspVersion = 1.12.5
funds = 49957.618832542765
science = 190
reputationPercent = 3195
ongoingContracts = 3
missionCurrentScore = 6187.3833
missionIsStarted = False
missionIsEnded = False
missionHistoryId = 00000000-0000-0000-0000-000000000000
missionExpansionVersion = 
saveMD5 = 
lastWriteTime = 638502822270000000
