vesselCount = 10
UT = 368550523.99039447
gameMode = CAREER
gameNull = False
kspVersion = 1.12.5
funds = 53550.46537790016
science = 221
reputationPercent = 3269
ongoingContracts = 2
missionCurrentScore = 6648.58057
missionIsStarted = False
missionIsEnded = False
missionHistoryId = 00000000-0000-0000-0000-000000000000
missionExpansionVersion = 
saveMD5 = 
lastWriteTime = 638502899580000000
