vesselCount = 12
UT = 377043313.99681336
gameMode = CAREER
gameNull = False
kspVersion = 1.12.5
funds = 17944.510197415577
science = 252
reputationPercent = 3308
ongoingContracts = 2
missionCurrentScore = 7010.96533
missionIsStarted = False
missionIsEnded = False
missionHistoryId = 00000000-0000-0000-0000-000000000000
missionExpansionVersion = 
saveMD5 = 
lastWriteTime = 638504951890000000
