vesselCount = 13
UT = 386613573.99836701
gameMode = CAREER
gameNull = False
kspVersion = 1.12.5
funds = 14282.216241190847
science = 276
reputationPercent = 3223
ongoingContracts = 2
missionCurrentScore = 7283.875
missionIsStarted = False
missionIsEnded = False
missionHistoryId = 00000000-0000-0000-0000-000000000000
missionExpansionVersion = 
saveMD5 = 
lastWriteTime = 638505469590000000
