vesselCount = 12
UT = 390241656.44040018
gameMode = CAREER
gameNull = False
kspVersion = 1.12.5
funds = 30111.597751162466
science = 280
reputationPercent = 3354
ongoingContracts = 2
missionCurrentScore = 5492.02539
missionIsStarted = False
missionIsEnded = False
missionHistoryId = 00000000-0000-0000-0000-000000000000
missionExpansionVersion = 
saveMD5 = 
lastWriteTime = 638505568840000000
